prefecture,Liberal Democratic Party,Constitutional Democratic Party,Japan Innovation Party,Komeito,Democratic Party For the People,Japanese Communist Party,Reiwa Shinsengumi,Social Democratic Party,NHK Party,Sanseito,The Happiness Realization Party,Gobonoto,Japan First Party,Shinto Kunimori,Ishin Party Shimpu,total
Hokkaido,0.34832465354011405,0.21526190659683092,0.0741615286346466,0.1176950611385105,0.03891945925008123,0.08158396896028286,0.04189489480882912,0.01561987826631001,0.025258104433072616,0.02952828376474165,0.0023047875552197005,0.003401965386355445,0.0018704734227331789,0.003357150885454419,0.0008178833568177433,1.0
Aomori,0.4212462328811537,0.18746389684760068,0.05417661513779702,0.10404223235586481,0.04466687454068495,0.0595568997027188,0.037037058525325,0.028436614923566143,0.02792568760624156,0.02302040069013496,0.002861180260660953,0.004238544490420189,0.0017334043353759705,0.0015597406282075335,0.0020346170742477888,1.0
Iwate,0.37599796753678916,0.21466056734801048,0.05751992158826759,0.08050124405905906,0.05361500950500737,0.06638793545473382,0.04592919713754778,0.04357620895351564,0.02199641430164223,0.03046113526330044,0.0027690034878016315,0.003485680926233718,0.001414871046042492,0.0009541341383231812,0.0007307092537254305,1.0
Miyagi,0.34577041730169145,0.19142472731654267,0.10235610632198507,0.10876468591266895,0.058418085874380674,0.06466041219956985,0.04243010244793795,0.022149994414657297,0.022111328352923586,0.03119632653943394,0.0017709730720535833,0.0037845485162800825,0.002082098987877538,0.0011229754576369641,0.001957217284360401,1.0
Akita,0.4532846200190644,0.11765419703205064,0.11035093012386668,0.10510695554021868,0.04731964203086382,0.053138955600563094,0.0376960766650159,0.025134175773765026,0.020551686515382597,0.021664408342980338,0.0021312334992429406,0.0030012034724570522,0.0013072697225776106,0.0009359992117234873,0.0007226464502276924,1.0
Yamagata,0.453024410916256,0.10501170205878409,0.08389642353858909,0.09019798714839429,0.10289126235100302,0.05131010769959185,0.03685614314715985,0.02549628940521314,0.019031697125244152,0.022650307682191177,0.0021133276557768334,0.0031936795385446685,0.0022678109681573844,0.0009693129514496409,0.0010895378136449453,1.0
Fukushima,0.421584111226211,0.13885488405071633,0.07877583979440557,0.10266786368547945,0.05228040963168886,0.06485598758659446,0.03981509990081805,0.044708504709986586,0.022135083354563923,0.02372404249244723,0.001986397624700016,0.0050139880318329,0.0011845713885509433,0.0010689247457427939,0.0013442917762620148,1.0
Ibaraki,0.38710808431645255,0.1070953047323238,0.1323401734666099,0.1323147871865047,0.06113767685392807,0.0569532357192517,0.038915022120023866,0.02269822914247302,0.02249304605456602,0.02959501544254895,0.001993402928384479,0.0036514359289050754,0.0017102791420340639,0.0011354712372112952,0.0008588357287824287,1.0
Tochigi,0.39590244080402204,0.12709920994706414,0.127792419871714,0.11513766802504,0.057762315985588245,0.0451690687009519,0.04228404383629338,0.021058431417757564,0.027215935244925105,0.030094879249507208,0.002950388355936384,0.004017380936844329,0.0016459294556782215,0.000974887387000549,0.000895000781676893,1.0
Gunma,0.393575156714406,0.12240572607774149,0.09996043097139266,0.12562531681613517,0.057489096356300694,0.06397661366041076,0.04456169294055607,0.024086564828884105,0.024422708825885195,0.03455220763988589,0.0026951287657482653,0.0033694231776203775,0.0014845077104800853,0.0008851062957922663,0.0009103192187608616,1.0
Saitama,0.3218443648246013,0.1366330233242833,0.12780920878659646,0.12468239469729919,0.06034052759117723,0.08183656115471678,0.054368303835739026,0.02559543196839732,0.022313413818192303,0.03196224172241398,0.0030581622671212423,0.0037486563656402494,0.0024787518261023193,0.0011665805866865147,0.0021623772310327078,1.0
Chiba,0.3569034069501996,0.1333133065896451,0.12843699777443898,0.11871965045252952,0.06525970708289505,0.06901236578614663,0.04145600312564238,0.01984435642722267,0.02335345976570471,0.032116493101211965,0.003120291090271894,0.003505373500350883,0.002156844762239276,0.0021786165719816816,0.0006231270195196048,1.0
Tokyo,0.3106812903814845,0.12606298779819552,0.13845076610217724,0.09980883956440828,0.06595043788985586,0.09346537514231985,0.06318424852623399,0.028552618022738976,0.028722359692889856,0.033638177840341836,0.002313239924181909,0.0038405293098381942,0.003277691301142755,0.0015918985192529603,0.0004595399849382487,1.0
Kanagawa,0.3306334366699662,0.13193814853843755,0.1576890441431713,0.10490035854614539,0.06595573271844503,0.07218296918341892,0.045342100032042656,0.025302296867891944,0.02354998530668303,0.03259071166232058,0.0023139427320351042,0.003043394348426515,0.002020171699849897,0.0017379555124207619,0.0007997520387450939,1.0
Niigata,0.4277404693166567,0.22047533407467196,0.06307618099831894,0.07545564593565957,0.04261672076681891,0.04847527771773637,0.03443560842093145,0.031717429850828045,0.02086803889590668,0.026397421859458342,0.0026261537652462383,0.0034788746061405118,0.0012031988927746664,0.0007011182120179001,0.0007325266868337309,1.0
Toyama,0.43317480675017017,0.08074623339286303,0.17324211199458778,0.08342669009707088,0.06513255067367388,0.04283849328328408,0.03173600890848507,0.023645279404177464,0.018931787978399287,0.03373542248433856,0.004011981644518394,0.003087793015691835,0.00172651793729954,0.0009429081284351986,0.0036214143070047947,1.0
Ishikawa,0.4602398594703801,0.11605205834734578,0.11359244035719193,0.08538798693803737,0.04285132766300275,0.04544128871396521,0.031657961396178026,0.0183256175866773,0.026841431006392056,0.04401348471957228,0.003966267957123151,0.004170553414489011,0.0013970326238680866,0.0009659281555230763,0.005096761650253862,1.0
Fukui,0.45325343968774184,0.09656751141334945,0.1283223655076188,0.0890616219228155,0.060928488270403695,0.045156272939707,0.03786786079231323,0.013952002103489635,0.02179297745023284,0.040406535613642956,0.004042626410334719,0.0038469904793281555,0.001627491060557654,0.0009190473783728785,0.00225476897009166,1.0
Yamanashi,0.38960725433274834,0.15148453177808396,0.13526844378998146,0.10809063142885075,0.036200364884105427,0.05618028276831247,0.04165604736718683,0.018127872288501004,0.01944712248513832,0.034437364587568464,0.0022051471438008408,0.004331108722234694,0.001266108039826674,0.0009284830079161435,0.0007692373757444793,1.0
Nagano,0.3412715280535448,0.20316014969808938,0.11649792060416037,0.09627023595014905,0.035936516334790294,0.07778885806095656,0.03957460007459833,0.028849289948771575,0.019855833832910983,0.032246905291353975,0.0025245396463372516,0.0033803356455648615,0.001158386215904249,0.0008550691904157564,0.0006298314524525816,1.0
Gifu,0.3867634246878853,0.12113560777402854,0.10483097839500068,0.11235530294856276,0.08945608695843374,0.05783992663012496,0.04154907061111324,0.01621061284792733,0.023928790390319955,0.03415647319497319,0.0032597185208341223,0.004364485626933386,0.002085965697884074,0.0009361781016558657,0.0011273776143228172,1.0
Shizuoka,0.4005069995036127,0.10200740438485177,0.11472401077539444,0.11347012787985347,0.06951263536733616,0.06006083095506349,0.0452917229128962,0.021020367388229922,0.027238562410049738,0.0363183551640429,0.002285161788975888,0.0037545454048332452,0.0015448178934513734,0.0010979387191087436,0.0011665194522999791,1.0
Aichi,0.3266984672325785,0.12582320257537744,0.1254943202789607,0.11177809980910676,0.11067768263364337,0.057592935021730636,0.04940272864044478,0.0171290639745735,0.025395190006116425,0.0358298075250407,0.0034660315153339466,0.004747314274008139,0.0020340242163978737,0.0017528244128284859,0.002178307883858701,1.0
Mie,0.36066293040653785,0.17748026110769569,0.1000427865676428,0.12489247389060018,0.06084594264120077,0.046813173016979404,0.03941268302342847,0.014710251872395191,0.024037493913682685,0.037331724046451076,0.0031581104332189386,0.004095591011303423,0.003671099373161179,0.0010385732297162951,0.0018069054659860034,1.0
Shiga,0.3464092223193598,0.09180811289302976,0.2183251819879179,0.08309254641733971,0.05434305207787602,0.07960107426843034,0.041421945063868496,0.020394211302509263,0.021620657839951624,0.03260207572893854,0.0028093614726914856,0.0036364486099596674,0.0015878893692420968,0.0010678189998064845,0.001280401649078832,1.0
Kyoto,0.2546307458335872,0.1244788089860323,0.2344051631785422,0.10067819429694484,0.05376278351125521,0.11976447915033347,0.03539780328238601,0.014252014953239578,0.01889167817486796,0.03378985205442552,0.002081504641757766,0.0029599276115468798,0.0016732264408096651,0.0018641781710405977,0.001369639713230864,1.0
Osaka,0.1974393599710872,0.06637884929452877,0.3876499023671972,0.13196961672534746,0.038372140496936206,0.07103578162209238,0.03445196485883666,0.011557165379620083,0.020986529970784838,0.03103032912819876,0.0021549511972563536,0.0029771346495619994,0.0019799301150688763,0.0011483814782751666,0.0008679627452079749,1.0
Hyogo,0.2765574632830906,0.09441971966714464,0.2770159044778164,0.1251333296456201,0.04097546994936395,0.06329579443282553,0.03242056716371256,0.017472341324952578,0.025252498375676027,0.036318209120997855,0.0027627781174450303,0.0027790671783330576,0.0022871885245366644,0.0022707944432186202,0.0010388742952663961,1.0
Nara,0.3178441878247181,0.08639219816096808,0.2637241885175553,0.11720725022182547,0.03519110603435838,0.06566409579736344,0.03206354321346805,0.014584209463047088,0.02013541911629869,0.03660744050972439,0.0022685271294641362,0.002730055961193249,0.0012494031233159686,0.0010341096390593873,0.003304265287640153,1.0
Wakayama,0.36058394183520975,0.06715183812400356,0.1824744077515505,0.15838275974721414,0.04139211115573779,0.0809965012267501,0.027274884582251382,0.010236437999606485,0.025269539185875833,0.034060246068874846,0.0025712593863374987,0.00297839623873284,0.0010337535130298982,0.004628765684813189,0.0009651575000122328,1.0
Tottori,0.38112330687830187,0.14087357567738454,0.09421013112521877,0.15762357253174514,0.038403358350850715,0.058467189928699544,0.03630199865536276,0.02105201593936989,0.02478029942695114,0.03532426044747585,0.004095908263847361,0.0034427401686158883,0.0018205110222070714,0.0013108720800131643,0.0011702595039563889,1.0
Shimane,0.4232854240557922,0.1436802281906469,0.08213732548256653,0.1256680084253015,0.061539346674935616,0.054257783765161424,0.030457914146724475,0.021201922664757365,0.017605740336962838,0.029440640267951283,0.0039057533161569744,0.0035332261601160203,0.0018387796350544505,0.0008105663785832047,0.0006373404992892134,1.0
Okayama,0.3907588494766647,0.10185091923737163,0.10703607281425973,0.15674459365741267,0.05538071070641959,0.05985521868372634,0.04053815063653268,0.0179027725366428,0.021203257330365242,0.03688354069713384,0.0030035082309178224,0.003970161596796614,0.0018354101373110098,0.0012538917857229743,0.0017829424727223689,1.0
Hiroshima,0.4197394419180758,0.11337501344978786,0.10773471016872932,0.13377172680937446,0.05141607952804749,0.0481332913211155,0.032219726449921174,0.02713535737602537,0.01778307909945159,0.037144453168067505,0.0035339081364221966,0.0032543813141263063,0.0017418259516876497,0.0009342188712763992,0.0020827864378913426,1.0
Yamaguchi,0.4887663104982042,0.07823333044321003,0.08466482211566441,0.1413511854020003,0.048728494882287636,0.04766480936948614,0.03261143011423647,0.0185780591123751,0.016936462485970687,0.031356131368271256,0.0034995852239831406,0.0034281624764972594,0.0015037198193172713,0.001448169850707542,0.001229326837788531,1.0
Tokushima,0.3690910344802992,0.06914196980126582,0.1678481327198555,0.13576813869380835,0.05672414661258492,0.06460508093965517,0.03606511487536245,0.019823359485080797,0.02668853732192141,0.040770302844206775,0.005349253392087559,0.004106217444510402,0.0016923148902805594,0.001290821881935239,0.001035574617145785,1.0
Kagawa,0.39157907411631954,0.09248948762543341,0.09528120259509076,0.1167056751635203,0.15849440444874355,0.03879172233045721,0.029654757865521145,0.015839269533218674,0.01963368184630065,0.03107096078695705,0.003652009742385091,0.003133713422635063,0.0015189676365684464,0.0009833326585503318,0.0011717402282988207,1.0
Ehime,0.4216519706809638,0.10082636874690636,0.09983834790143556,0.139645879790677,0.051995122959176014,0.04465281767528353,0.04268327901072937,0.02494201144394138,0.026010253172501423,0.03396538564610239,0.003346290345969806,0.004061842831296149,0.0028464619198286297,0.0010660083659623386,0.0024679595092261886,1.0
Kochi,0.3702432258455472,0.07731198296500684,0.09783393257008788,0.13510698667801654,0.05353323348006586,0.14019442897189907,0.03500771471500065,0.02340589125192504,0.021805968317415908,0.036518386614898646,0.0031885950539498617,0.0032369313404122936,0.0011313772229752414,0.0008295531847674438,0.0006517917880315629,1.0
Fukuoka,0.33452102746894846,0.13849592721455564,0.11186804393244337,0.14483906561719412,0.060067360594794277,0.059385355620713995,0.05186496839113954,0.02617419445983632,0.022007208381701164,0.037944053605083294,0.0036555253845752794,0.00438346842704288,0.0020279563474123884,0.0011022461881690952,0.0016635983663901147,1.0
Saga,0.4467523834168525,0.1476936319410883,0.07163653353621093,0.11721903686478076,0.047824476077169845,0.03632500687861261,0.037718429725214095,0.024083322564100913,0.020875092600656085,0.03728127728202611,0.00355334856549507,0.003953092731643925,0.0026691776271972442,0.0012468419350462735,0.001168348253905346,1.0
Nagasaki,0.4146420943056311,0.12800246047018518,0.10819092990845194,0.1373125610400241,0.049429616848177385,0.04289796553852851,0.03093976771398206,0.02547271492396039,0.016974993415418953,0.035609205142127356,0.003266697223511721,0.0028637782423237812,0.0018258468353496019,0.001032399594223044,0.0015389687981048734,1.0
Kumamoto,0.4386941451719522,0.0953677506149857,0.11096496201557707,0.1438515673744635,0.03379795239720271,0.0378954678762606,0.03489659501025299,0.026386473531142374,0.024227278337826622,0.04362838330760283,0.0034664221443783706,0.0037003461733046976,0.0014895215954393857,0.0010065677691207485,0.000626566680490149,1.0
Oita,0.35892596788434794,0.14343623226638802,0.08609614280311916,0.12926683810535108,0.07582743407924945,0.04697889082241325,0.03633047380383288,0.05828364495735954,0.02245395480836494,0.030761095432987003,0.003954418768546042,0.0044951875861917925,0.0017457815381474381,0.0009168180443672618,0.0005271190993341975,1.0
Miyazaki,0.39440931331674245,0.14466174653355138,0.07458154676142796,0.14807538590948832,0.06041181629366252,0.04130093747942152,0.03232032631160154,0.0406840763403354,0.021311228605476424,0.03247495229765541,0.0031686152346352635,0.0029013230404231045,0.0012320867852319102,0.0009847081190712665,0.0014819369712755694,1.0
Kagoshima,0.42908155245278723,0.13814415294273952,0.08883784259238688,0.12155424280368604,0.04534386674873888,0.03807702939349058,0.03446581338849958,0.0301568920117961,0.025683539669031384,0.03805868843548516,0.0030403946338096945,0.003268336772294762,0.001390368331613324,0.0010542791015773155,0.0018430007220635123,1.0
Okinawa,0.27126555474692043,0.10511742761210291,0.07400070420401324,0.14773794009899907,0.0371360965484989,0.09373030173722843,0.06608956836442752,0.1099244309304272,0.03235734175945365,0.04645927691946729,0.005184146344686288,0.007525298869475974,0.0015097559154024064,0.0011711392056606242,0.0007910167432360012,1.0
