,Liberal Democratic Party,Constitutional Democratic Party,Japan Innovation Party,Komeito,Democratic Party For the People,Japanese Communist Party,Reiwa Shinsengumi,Sanseito,Conservative Party of Japan,Social Democratic Party,Independent Alliance,Team Mirai,Nippon Seishinkai,Nihon Kakumeito,Saisei no Michi,NHK Party
Hokkaido,0.24587081417727072,0.17388552991455578,0.02970644090481298,0.08626992174535081,0.11461607606289842,0.05807147173240575,0.07457543515944016,0.10833424796139376,0.04797451652102947,0.018550854250045608,0.003932966621279666,0.016367747427344946,0.004508064036672362,0.001092494443654695,0.0066597792491328404,0.009583639792712016
Aomori,0.29007029556924613,0.19362213690641583,0.02189419416496522,0.07445236927661722,0.09749921543562157,0.054438672912983745,0.07347748897293468,0.11347944068183681,0.03415410605836372,0.01683251327782817,0.003015375780717192,0.008720487502534383,0.0034345653120344613,0.000692108515066912,0.005616742638626678,0.008600286994207212
Iwate,0.236919514495681,0.2272929400800622,0.02894258599021013,0.06266802454386576,0.11010434681688135,0.04858991043054915,0.0759085501700643,0.11540474650312006,0.032475418795834085,0.025644088370720124,0.002758727365559794,0.011987736592314014,0.0035238905357588856,0.0007015970625357461,0.006493549435313684,0.010584372811529666
Miyagi,0.24456686493519494,0.16310539631745474,0.03703032893181544,0.07938207301453441,0.11428333939205497,0.04392046885102408,0.0839553049723253,0.11256104388034843,0.04638441119857772,0.020477045612556265,0.003187789534485337,0.028483954506095054,0.004341639485005669,0.0010329805020492032,0.007324757442717183,0.00996260142376122
Akita,0.3544354376042563,0.13686124998004093,0.032574359055607585,0.07244116535943526,0.12026665070016081,0.03570077479225098,0.05973420246217339,0.0939023952358119,0.03631397368616461,0.0275230956681352,0.003900376430030094,0.008731723779163465,0.002752354351647206,0.0006368898458840223,0.005561043072984055,0.008664307976254271
Yamagata,0.3171904285873032,0.1322834378183642,0.03105120278953257,0.0701562041016924,0.12888719542884888,0.04168521465140817,0.07524153313647516,0.10635667970968926,0.03024115370468056,0.03289033237870382,0.004055423175675502,0.011646947809453627,0.003609962998033542,0.0006595124707945894,0.006024559642751891,0.008020211596592683
Fukushima,0.261678773541966,0.18157010673785717,0.03205397160089089,0.0799059575643614,0.11643197733483679,0.04741081879694804,0.06757032756453243,0.126583608481437,0.03279480513967042,0.021895604681347092,0.0026704719991877232,0.009440199941153323,0.0037938875286736766,0.0008968443302618956,0.006237611319887949,0.009065033436988163
Ibaraki,0.24051380609308412,0.1295216063676062,0.04946874336250713,0.09945607401269119,0.13654762980117227,0.03944469016409078,0.06325530929050387,0.14195517489429146,0.04022033421423611,0.016834301181187915,0.0038152310311042746,0.015214108912905642,0.00441051817052968,0.0018918031873234496,0.00719880127317991,0.01025186804358601
Tochigi,0.25761935172973704,0.1534691376242273,0.0364952906673235,0.08688063339090728,0.12508187855067338,0.030805457635420586,0.07458967483517243,0.13239806770790613,0.040696380642440425,0.019457867732865793,0.004791886395663559,0.014009708509529175,0.004584205472490032,0.0007845533325746501,0.007223995691619339,0.01111191008144937
Gunma,0.2595195980754877,0.12408782678265592,0.03532362905487411,0.08915703415066492,0.11524107749128257,0.04900272402674896,0.06900625062672443,0.1532867859017043,0.04181348694201541,0.020386635561031166,0.00606702756583745,0.01374220525188266,0.004903534256950546,0.0007485404850687774,0.0072423335564744395,0.010471310270596624
Saitama,0.18923684719641343,0.12806361679281847,0.0473377626592514,0.09871496846592985,0.1467646505033941,0.05545590337156807,0.07153622439776414,0.1283761062824193,0.053819839600406615,0.020404364036289518,0.0037598547980399184,0.030136035715166324,0.006273163209260009,0.0010900187575912986,0.008026515396311742,0.011004128817375874
Chiba,0.20652028994708263,0.14973755809547734,0.04929909191690448,0.08866657111684177,0.14343855100233957,0.045414303010187305,0.06460641771200026,0.1269554230352168,0.04933430827260618,0.016620540690217598,0.005558004990676776,0.02831368591535603,0.006094777664063957,0.0010291734474065014,0.007676902169077133,0.010734401014545703
Tokyo,0.17668623009687257,0.11711754219717416,0.05626351024198014,0.07684365864225907,0.15424039426063227,0.06431673657304643,0.05329114932714013,0.11310648250409318,0.0614056416699212,0.023844431397294648,0.00615766410570826,0.06179917909356005,0.006345708382404309,0.0010485148787734127,0.015933669050718892,0.01159948757842135
Kanagawa,0.19780828790423818,0.12126059873152013,0.06544596141542991,0.08108784847953966,0.14501879857047342,0.05277387765763558,0.06616869555749531,0.11865424710373533,0.05023354509608739,0.024763342355679233,0.008480089591714113,0.04081089259382882,0.006302210085148823,0.001566575637827954,0.008597132168791231,0.011027897050854956
Niigata,0.2977244675142294,0.21182319602719152,0.0348256170207048,0.05691832310646163,0.09661248668075328,0.03680026618585402,0.062455694033362784,0.11059073036182919,0.03515017946760198,0.02061620677585815,0.0030088350680808323,0.011408553123015572,0.003891301185830189,0.0010677804928581882,0.007238602189614511,0.009867760766753976
Toyama,0.3019253735646162,0.08217992539508225,0.08983321823876532,0.06077842044290531,0.1585985278501088,0.030723703809749276,0.055538664279572825,0.11484626945864142,0.044556438143853364,0.023340923403874995,0.0024977313004351837,0.013448430099297278,0.0042359185796853995,0.0006259978196579408,0.006099305422867202,0.010771152190887201
Ishikawa,0.28426904265927255,0.10380660441521697,0.05339112359867557,0.05805502027770114,0.14395349739424457,0.03328104035848384,0.060824323077736296,0.1602591100735895,0.04411929722413235,0.01441188528155521,0.0034986585369112945,0.01632067404812631,0.0048888794855353745,0.0006161644093624734,0.007904952280492641,0.010399726878963907
Fukui,0.3015528315835117,0.10529313422144525,0.0489647155594317,0.06263409017286023,0.14472371840820053,0.03046866245104043,0.06253114124913546,0.14592199386557167,0.04693947791272935,0.013575646139725079,0.002522627572600633,0.012262944076777705,0.0040219767155346324,0.000738730417139014,0.00915012288561606,0.008698186768680486
Yamanashi,0.26319643522645814,0.14496892946042547,0.03193551578675519,0.08664628473041897,0.14505898407820433,0.04451055040036794,0.07070265148194144,0.12306145729789444,0.03590340287101169,0.015504036427062733,0.0038329283066245727,0.012392600625837873,0.005436150319704825,0.0006459041295257236,0.007782966320344516,0.008421202537422057
Nagano,0.22714192699720054,0.190602295297286,0.039295041050696894,0.07307965386846686,0.10469268484429796,0.06292341680086803,0.07021702043165194,0.11274935606828289,0.04581557569849107,0.02294852990615075,0.003613107168146157,0.02593074561158789,0.004419985142778183,0.0006331384049980496,0.006336377255067232,0.009601145454029502
Gifu,0.2649473772380654,0.1399837421066809,0.044655582704687946,0.08023037221475439,0.11518968785818805,0.041489945320300405,0.07626833741991694,0.12905501723618673,0.05070732250702753,0.013868602651564905,0.0042285156087953826,0.014147637865063328,0.004940198406113079,0.0007777540297778199,0.008704087651697922,0.010805819181179304
Shizuoka,0.2313328276161427,0.10921930420842432,0.04335270735017065,0.08235391100772889,0.17930712075432045,0.04181072741616802,0.06948532570427648,0.1337251736014155,0.04472108489375503,0.018907576589268234,0.005135276849622581,0.01535915208711291,0.005980970747673313,0.000887600271526061,0.007774720681317918,0.010646520221076865
Aichi,0.182109486010858,0.12722187639991486,0.0544541444811648,0.08053504429975783,0.1640019638158569,0.038440498644364066,0.07266973962541444,0.1305005262355612,0.07592005339047639,0.015850173859968796,0.00474287020784143,0.026948813072766538,0.006325040710622835,0.0008876857842217466,0.008320979557103958,0.011071103904106252
Mie,0.23327415883918737,0.1824622957552075,0.04846312770590717,0.0886609994415296,0.11425394038952183,0.03360096393139725,0.06991514330696569,0.12557755203911752,0.05030175879395916,0.01708486764510282,0.002892856310765989,0.011991971438933859,0.004489308188461739,0.0006771186080517443,0.006680332834543896,0.009673604771346878
Shiga,0.20044109744880576,0.0886226521305132,0.15800556360599205,0.06565142041064663,0.13538496047818424,0.0510835048186945,0.06552118273847071,0.1294587733881946,0.04591755583531779,0.01507513550766091,0.0031843498684251425,0.01688686339602482,0.004406364934971872,0.0008616957345064482,0.008743255836739811,0.01075562386685157
Kyoto,0.16584296215496144,0.09621903602581738,0.16599536937345002,0.0793848189743931,0.10543600722864542,0.09828360977529012,0.06250868738211979,0.12033997645320343,0.04689511368326048,0.013701184964201646,0.004611736703070686,0.018242679115132655,0.0049881767622010605,0.0005559316242425979,0.006463611689012924,0.010531098090997209
Osaka,0.11480233105248788,0.057635955075819284,0.27426877106059655,0.10630742072604137,0.09028748468766735,0.05397192018803265,0.05879074239397304,0.12519713663635154,0.05529540956951353,0.011824212516466606,0.005349550587637614,0.020900784000464558,0.006576756032955604,0.0008532148943912308,0.005899192097271979,0.012039118480329234
Hyogo,0.1785741837364105,0.08886961138078883,0.15899255763118386,0.09609759348390663,0.1087041961300897,0.04323216074412987,0.05804483730232922,0.125140417889322,0.05049273903733562,0.02084314365009869,0.005939007959819512,0.02248549084980569,0.005851151692097894,0.0005903789714569035,0.00657687740957885,0.02956565213164621
Nara,0.19814088907788446,0.10154222924384217,0.15489698068872265,0.0897514182641596,0.11701473970469424,0.05005519484676612,0.05426651183159422,0.12143074169628876,0.05138794239791447,0.014307132128005952,0.003930842314513034,0.019084377016441792,0.005547023250749355,0.0008148938490471252,0.006782786338961675,0.011046297350414378
Wakayama,0.24433035974568346,0.07337767521064567,0.13181337524368877,0.11521700879938344,0.08858764765594294,0.051899774686259226,0.058401101158555284,0.14859999206621474,0.040492983398085755,0.01168024034733576,0.004688312075484028,0.0087091511494852,0.003783108963883991,0.0004777460866777971,0.006127866184500628,0.011813657228173255
Tottori,0.409990403467774,0.08005003011016394,0.03366996471706378,0.10363414998662236,0.09119139564219493,0.037132110239934284,0.05088153417941987,0.10254727490619521,0.0357061833138358,0.0150134467760506,0.002993406903622913,0.013212943489799732,0.004405469194711239,0.0006812581228934905,0.007612023185220538,0.0112784057644974
Shimane,0.3707262901315357,0.11030269043481142,0.037350672336951544,0.08739853752301939,0.1035124694601546,0.04837102580276452,0.04866821277975874,0.10729197902403574,0.03288095267738629,0.0170010996083812,0.003134965157149418,0.01091770283348878,0.0035968022064498716,0.0005001753289748714,0.00983544129730163,0.008510983397836413
Okayama,0.25607361580469207,0.13493173032984448,0.048645505234191595,0.10632498541489586,0.11171936246704448,0.042450698603020635,0.05757263115771468,0.13353780114799965,0.047025396374950866,0.01605211344743522,0.003868172389315635,0.01328486726859207,0.005761605816824594,0.0007637792615846158,0.00929508520610571,0.012692650075787846
Hiroshima,0.24842442452136054,0.12311728351445785,0.048359057071792666,0.0952256519062128,0.11272636869510724,0.038439405726782505,0.06660690808690979,0.1366229565207699,0.046384571729375365,0.02341818884147601,0.0056967171645237145,0.016989945386895265,0.005387748335606421,0.0008200199729642755,0.021924994264473845,0.009855758261291845
Yamaguchi,0.29071213603586465,0.09906538870391692,0.03690033506272695,0.10198754988507643,0.1351101712057344,0.03257382808766598,0.0601334639569931,0.13732422308962997,0.04824065299248418,0.015313979319654954,0.0037808562939059434,0.013134211815096216,0.004859894780643727,0.0008021021615030474,0.010147461990620232,0.009913744618483409
Tokushima,0.2636329969814018,0.10048897298155768,0.058336001628630514,0.10403310065306606,0.11554988158683376,0.038788607435061906,0.0685632076191584,0.13866093630915094,0.0507474900056482,0.014392792687111333,0.0047534505731394484,0.012358288523126195,0.005047126398778811,0.0006932115419161696,0.009200993381018138,0.014752941694400648
Kagawa,0.23129784322081398,0.08287485528860748,0.034141397622820535,0.09204855171744986,0.271160621053072,0.03343830019922279,0.04688040258178655,0.11244241235952028,0.041401990366905964,0.015854363072142667,0.0030329900153136663,0.011741308067702374,0.004730476208597557,0.0005620594913222121,0.007272132169560327,0.011120296565161766
Ehime,0.2781466066131588,0.10681390207537858,0.04895520901841606,0.11329735359359983,0.10250848198654511,0.03808382846307696,0.06711166108210602,0.14069505057274215,0.04212306813163978,0.017344129665705605,0.004643111145744045,0.015825709343099823,0.004431907322268111,0.0006583028130600795,0.00833452588378919,0.011027152289669861
Kochi,0.27411583676795065,0.10301193235862763,0.03743413796157537,0.10515627994322733,0.09591877107199251,0.08675098625482892,0.06724212529116694,0.12307480453960327,0.04185095703384367,0.024265227981764045,0.006917647448399818,0.010245246478613688,0.004623645390569808,0.0006221022529708501,0.007748413165387974,0.01102188605947748
Fukuoka,0.19839609647230663,0.11648437791564814,0.04920101515663623,0.10935352898318569,0.12595995138718372,0.03910281127098747,0.07282304566041997,0.14949065047251417,0.06071568912722179,0.022285811534370426,0.003794019420436892,0.02369941079368028,0.007800358425464337,0.0009082788752726041,0.00966700701292304,0.0103179474917487
Saga,0.30685811186539386,0.16579725150268912,0.02940372802705564,0.08335938921501593,0.09537119770296865,0.026029439091073855,0.06543483174720113,0.13010313666305762,0.03980994862894274,0.021537942824699844,0.0027462042260842415,0.0103809250753559,0.00522580860060026,0.0007603551513873378,0.007645365821391081,0.00953636385708279
Nagasaki,0.30644406080423175,0.10787923313066926,0.035788528123257814,0.10583812203883002,0.13596507895735283,0.03151433732137069,0.057711994769932586,0.12752151956265606,0.034234626637255426,0.021929600128452933,0.00240277155017589,0.00996958630367515,0.006344981149815121,0.0006015596882474991,0.007298564206177458,0.00855543562789955
Kumamoto,0.2993221129893307,0.13914535681288895,0.0390974292051117,0.0989717283610748,0.08623345431718503,0.024742604560155607,0.06543603901549552,0.1469045667603163,0.04044611748373651,0.020668253200760763,0.004109105909381862,0.011549346511979985,0.005274991097004366,0.000656908938014796,0.00807857614906342,0.009363408688499707
Oita,0.24820222372001635,0.18001929528134455,0.03614716225533442,0.10172174340966497,0.09388053118616214,0.03352744695107362,0.06703960613604099,0.12237034641930582,0.04145216639987068,0.03660471607985647,0.0028690576543862344,0.010502498760706283,0.006939878494520818,0.0006520310677041619,0.007636096479218962,0.010435199704793596
Miyazaki,0.27917157515160146,0.14524153691822256,0.03551578468134525,0.10762403069671873,0.09358921811788933,0.0267665141516701,0.07239550281522793,0.13776114824949143,0.03818954199204857,0.03106396400561642,0.002702991565124694,0.008325505991453897,0.005488391598532851,0.0007082461694118766,0.006904865353637874,0.008551182542006963
Kagoshima,0.31892046476533886,0.12397693750431969,0.04120436582258102,0.0919696410714809,0.07796954173425678,0.026632016175640285,0.07420736816688095,0.14208820813326167,0.038647720183682205,0.02496441589070392,0.004750391465457367,0.011082420259244706,0.004999515700066982,0.000623531941196417,0.00840344553560251,0.009560015650285768
Okinawa,0.16924944613205678,0.0978300937601811,0.0578306988990265,0.10640486853951084,0.0901542519456873,0.05737532480788027,0.10362956749478523,0.12872823514652734,0.037655195993886045,0.09551628613492606,0.008033098092848839,0.015883011335214376,0.007432305819160497,0.0008405583962145801,0.011209968011381036,0.012227089490713253
